5 1.4142135623730951
29 0
6 -Infinity 9
10 0 NaN
2.5 0 Infinity
2 -3 -0 -1 1e+300
3 -2 -0 1 NaN
2 -2 -0 4503599627370495
3 -2 -0 0 -0
4503599627370496 -4503599627370495 2 -1
-1 1 -0 0 NaN
1.4142135623730951 NaN -0 Infinity 9.99994433575849e-161
-Infinity Infinity 0 -0 NaN 1
3.141592653589793 2.718281828459045 0.6931471805599453 2.302585092994046 1.4426950408889634 0.4342944819032518 1.4142135623730951 0.7071067811865476
9007199254740991 -9007199254740991 2.220446049250313e-16 1.7976931348623157e+308 5e-324
Infinity -Infinity NaN
true false false true
false true false true
true true
floor -1 round 0
